ART_TEST
0,1,1,1,1,1,0,0,0,0,
0,1,1,1,1,1,0,0,0,0,
0,1,1,1,1,1,0,0,0,0,
0,1,1,1,1,1,0,0,0,0,
0,1,1,1,1,1,0,0,0,0,
0,0,0,0,0,0,0,0,0,0,
0,0,0,0,0,0,0,0,0,0,
0,0,0,0,0,0,0,0,0,0,
0,0,0,0,0,0,0,0,0,0,
0,0,0,0,0,0,0,0,0,0,
ART_TEST_END
camera_test
0,0,0,1,0,0,0,0,0,0,
0,0,0,1,0,0,0,0,0,0,
0,0,0,1,0,0,0,0,0,0,
0,0,0,1,0,0,0,0,0,0,
0,0,0,1,0,0,0,0,0,0,
0,0,0,1,0,0,0,0,0,0,
0,0,0,1,0,0,0,0,0,0,
0,0,0,1,0,0,0,0,0,0,
0,0,0,0,0,0,0,0,0,0,
0,0,0,0,0,0,0,0,0,0,
dir:UP
camera_test_end

PPLTEST
2,0,0,1,1,1,0,0,0,0,
1,0,0,1,0,1,0,0,0,0,
1,0,0,1,0,1,0,0,0,0,
1,1,1,1,0,1,0,0,0,0,
0,0,0,0,0,1,0,0,0,0,
0,1,1,1,1,1,0,0,0,0,
0,1,0,0,0,0,0,0,0,0,
0,1,0,0,0,0,0,0,0,0,
0,1,0,0,0,0,0,0,0,0,
0,0,0,0,0,0,0,0,0,0,
P_DIR:DOWN
filming:0

PPLTEST
1,0,0,1,1,1,0,0,0,0,
2,0,0,1,0,1,0,0,0,0,
1,0,0,1,0,1,0,0,0,0,
1,1,1,1,0,1,0,0,0,0,
0,0,0,0,0,1,0,0,0,0,
0,1,1,1,1,1,0,0,0,0,
0,1,0,0,0,0,0,0,0,0,
0,1,0,0,0,0,0,0,0,0,
0,1,0,0,0,0,0,0,0,0,
0,0,0,0,0,0,0,0,0,0,
P_DIR:DOWN
filming:0

PPLTEST
1,0,0,1,1,1,0,0,0,0,
1,0,0,1,0,1,0,0,0,0,
2,0,0,1,0,1,0,0,0,0,
1,1,1,1,0,1,0,0,0,0,
0,0,0,0,0,1,0,0,0,0,
0,1,1,1,1,1,0,0,0,0,
0,1,0,0,0,0,0,0,0,0,
0,1,0,0,0,0,0,0,0,0,
0,1,0,0,0,0,0,0,0,0,
0,0,0,0,0,0,0,0,0,0,
P_DIR:DOWN
filming:0

PPLTEST
1,0,0,1,1,1,0,0,0,0,
1,0,0,1,0,1,0,0,0,0,
1,0,0,1,0,1,0,0,0,0,
2,1,1,1,0,1,0,0,0,0,
0,0,0,0,0,1,0,0,0,0,
0,1,1,1,1,1,0,0,0,0,
0,1,0,0,0,0,0,0,0,0,
0,1,0,0,0,0,0,0,0,0,
0,1,0,0,0,0,0,0,0,0,
0,0,0,0,0,0,0,0,0,0,
P_DIR:DOWN
filming:0

PPLTEST
1,0,0,1,1,1,0,0,0,0,
1,0,0,1,0,1,0,0,0,0,
1,0,0,1,0,1,0,0,0,0,
1,2,1,1,0,1,0,0,0,0,
0,0,0,0,0,1,0,0,0,0,
0,1,1,1,1,1,0,0,0,0,
0,1,0,0,0,0,0,0,0,0,
0,1,0,0,0,0,0,0,0,0,
0,1,0,0,0,0,0,0,0,0,
0,0,0,0,0,0,0,0,0,0,
P_DIR:RIGHT
UP_FILMING
filming:0

PPLTEST
1,0,0,1,1,1,0,0,0,0,
1,0,0,1,0,1,0,0,0,0,
1,0,0,1,0,1,0,0,0,0,
1,1,2,1,0,1,0,0,0,0,
0,0,0,0,0,1,0,0,0,0,
0,1,1,1,1,1,0,0,0,0,
0,1,0,0,0,0,0,0,0,0,
0,1,0,0,0,0,0,0,0,0,
0,1,0,0,0,0,0,0,0,0,
0,0,0,0,0,0,0,0,0,0,
P_DIR:RIGHT
UP_FILMING
filming:0

PPLTEST
1,0,0,1,1,1,0,0,0,0,
1,0,0,1,0,1,0,0,0,0,
1,0,0,1,0,1,0,0,0,0,
1,1,1,2,0,1,0,0,0,0,
0,0,0,0,0,1,0,0,0,0,
0,1,1,1,1,1,0,0,0,0,
0,1,0,0,0,0,0,0,0,0,
0,1,0,0,0,0,0,0,0,0,
0,1,0,0,0,0,0,0,0,0,
0,0,0,0,0,0,0,0,0,0,
P_DIR:RIGHT
UP_FILMING
filming:0

PPLTEST
1,0,0,1,1,1,0,0,0,0,
1,0,0,1,0,1,0,0,0,0,
1,0,0,2,0,1,0,0,0,0,
1,1,1,1,0,1,0,0,0,0,
0,0,0,0,0,1,0,0,0,0,
0,1,1,1,1,1,0,0,0,0,
0,1,0,0,0,0,0,0,0,0,
0,1,0,0,0,0,0,0,0,0,
0,1,0,0,0,0,0,0,0,0,
0,0,0,0,0,0,0,0,0,0,
P_DIR:UP
UP_FILMING
filming:1

PPLTEST
1,0,0,1,1,1,0,0,0,0,
1,0,0,2,0,1,0,0,0,0,
1,0,0,1,0,1,0,0,0,0,
1,1,1,1,0,1,0,0,0,0,
0,0,0,0,0,1,0,0,0,0,
0,1,1,1,1,1,0,0,0,0,
0,1,0,0,0,0,0,0,0,0,
0,1,0,0,0,0,0,0,0,0,
0,1,0,0,0,0,0,0,0,0,
0,0,0,0,0,0,0,0,0,0,
P_DIR:UP
UP_FILMING
filming:2

PPLTEST
1,0,0,2,1,1,0,0,0,0,
1,0,0,1,0,1,0,0,0,0,
1,0,0,1,0,1,0,0,0,0,
1,1,1,1,0,1,0,0,0,0,
0,0,0,0,0,1,0,0,0,0,
0,1,1,1,1,1,0,0,0,0,
0,1,0,0,0,0,0,0,0,0,
0,1,0,0,0,0,0,0,0,0,
0,1,0,0,0,0,0,0,0,0,
0,0,0,0,0,0,0,0,0,0,
P_DIR:UP
UP_FILMING
filming:3

PPLTEST
1,0,0,1,2,1,0,0,0,0,
1,0,0,1,0,1,0,0,0,0,
1,0,0,1,0,1,0,0,0,0,
1,1,1,1,0,1,0,0,0,0,
0,0,0,0,0,1,0,0,0,0,
0,1,1,1,1,1,0,0,0,0,
0,1,0,0,0,0,0,0,0,0,
0,1,0,0,0,0,0,0,0,0,
0,1,0,0,0,0,0,0,0,0,
0,0,0,0,0,0,0,0,0,0,
P_DIR:RIGHT
UP_FILMING
filming:3

PPLTEST
1,0,0,1,1,2,0,0,0,0,
1,0,0,1,0,1,0,0,0,0,
1,0,0,1,0,1,0,0,0,0,
1,1,1,1,0,1,0,0,0,0,
0,0,0,0,0,1,0,0,0,0,
0,1,1,1,1,1,0,0,0,0,
0,1,0,0,0,0,0,0,0,0,
0,1,0,0,0,0,0,0,0,0,
0,1,0,0,0,0,0,0,0,0,
0,0,0,0,0,0,0,0,0,0,
P_DIR:RIGHT
UP_FILMING
filming:3

PPLTEST
1,0,0,1,1,1,0,0,0,0,
1,0,0,1,0,2,0,0,0,0,
1,0,0,1,0,1,0,0,0,0,
1,1,1,1,0,1,0,0,0,0,
0,0,0,0,0,1,0,0,0,0,
0,1,1,1,1,1,0,0,0,0,
0,1,0,0,0,0,0,0,0,0,
0,1,0,0,0,0,0,0,0,0,
0,1,0,0,0,0,0,0,0,0,
0,0,0,0,0,0,0,0,0,0,
P_DIR:DOWN
UP_FILMING
filming:3

PPLTEST
1,0,0,1,1,1,0,0,0,0,
1,0,0,1,0,1,0,0,0,0,
1,0,0,1,0,2,0,0,0,0,
1,1,1,1,0,1,0,0,0,0,
0,0,0,0,0,1,0,0,0,0,
0,1,1,1,1,1,0,0,0,0,
0,1,0,0,0,0,0,0,0,0,
0,1,0,0,0,0,0,0,0,0,
0,1,0,0,0,0,0,0,0,0,
0,0,0,0,0,0,0,0,0,0,
P_DIR:DOWN
UP_FILMING
filming:3

PPLTEST
1,0,0,1,1,1,0,0,0,0,
1,0,0,1,0,1,0,0,0,0,
1,0,0,1,0,1,0,0,0,0,
1,1,1,1,0,2,0,0,0,0,
0,0,0,0,0,1,0,0,0,0,
0,1,1,1,1,1,0,0,0,0,
0,1,0,0,0,0,0,0,0,0,
0,1,0,0,0,0,0,0,0,0,
0,1,0,0,0,0,0,0,0,0,
0,0,0,0,0,0,0,0,0,0,
P_DIR:DOWN
UP_FILMING
filming:3

PPLTEST
1,0,0,1,1,1,0,0,0,0,
1,0,0,1,0,1,0,0,0,0,
1,0,0,1,0,1,0,0,0,0,
1,1,1,1,0,1,0,0,0,0,
0,0,0,0,0,2,0,0,0,0,
0,1,1,1,1,1,0,0,0,0,
0,1,0,0,0,0,0,0,0,0,
0,1,0,0,0,0,0,0,0,0,
0,1,0,0,0,0,0,0,0,0,
0,0,0,0,0,0,0,0,0,0,
P_DIR:DOWN
UP_FILMING
filming:3

PPLTEST
1,0,0,1,1,1,0,0,0,0,
1,0,0,1,0,1,0,0,0,0,
1,0,0,1,0,1,0,0,0,0,
1,1,1,1,0,1,0,0,0,0,
0,0,0,0,0,1,0,0,0,0,
0,1,1,1,1,2,0,0,0,0,
0,1,0,0,0,0,0,0,0,0,
0,1,0,0,0,0,0,0,0,0,
0,1,0,0,0,0,0,0,0,0,
0,0,0,0,0,0,0,0,0,0,
P_DIR:DOWN
filming:3

PPLTEST
1,0,0,1,1,1,0,0,0,0,
1,0,0,1,0,1,0,0,0,0,
1,0,0,1,0,1,0,0,0,0,
1,1,1,1,0,1,0,0,0,0,
0,0,0,0,0,1,0,0,0,0,
0,1,1,1,2,1,0,0,0,0,
0,1,0,0,0,0,0,0,0,0,
0,1,0,0,0,0,0,0,0,0,
0,1,0,0,0,0,0,0,0,0,
0,0,0,0,0,0,0,0,0,0,
P_DIR:LEFT
filming:3

PPLTEST
1,0,0,1,1,1,0,0,0,0,
1,0,0,1,0,1,0,0,0,0,
1,0,0,1,0,1,0,0,0,0,
1,1,1,1,0,1,0,0,0,0,
0,0,0,0,0,1,0,0,0,0,
0,1,1,2,1,1,0,0,0,0,
0,1,0,0,0,0,0,0,0,0,
0,1,0,0,0,0,0,0,0,0,
0,1,0,0,0,0,0,0,0,0,
0,0,0,0,0,0,0,0,0,0,
P_DIR:LEFT
filming:3

PPLTEST
1,0,0,1,1,1,0,0,0,0,
1,0,0,1,0,1,0,0,0,0,
1,0,0,1,0,1,0,0,0,0,
1,1,1,1,0,1,0,0,0,0,
0,0,0,0,0,1,0,0,0,0,
0,1,2,1,1,1,0,0,0,0,
0,1,0,0,0,0,0,0,0,0,
0,1,0,0,0,0,0,0,0,0,
0,1,0,0,0,0,0,0,0,0,
0,0,0,0,0,0,0,0,0,0,
P_DIR:LEFT
filming:3

PPLTEST
1,0,0,1,1,1,0,0,0,0,
1,0,0,1,0,1,0,0,0,0,
1,0,0,1,0,1,0,0,0,0,
1,1,1,1,0,1,0,0,0,0,
0,0,0,0,0,1,0,0,0,0,
0,2,1,1,1,1,0,0,0,0,
0,1,0,0,0,0,0,0,0,0,
0,1,0,0,0,0,0,0,0,0,
0,1,0,0,0,0,0,0,0,0,
0,0,0,0,0,0,0,0,0,0,
P_DIR:LEFT
filming:3

PPLTEST
1,0,0,1,1,1,0,0,0,0,
1,0,0,1,0,1,0,0,0,0,
1,0,0,1,0,1,0,0,0,0,
1,1,1,1,0,1,0,0,0,0,
0,0,0,0,0,1,0,0,0,0,
0,1,1,1,1,1,0,0,0,0,
0,2,0,0,0,0,0,0,0,0,
0,1,0,0,0,0,0,0,0,0,
0,1,0,0,0,0,0,0,0,0,
0,0,0,0,0,0,0,0,0,0,
P_DIR:DOWN
filming:3

PPLTEST
1,0,0,1,1,1,0,0,0,0,
1,0,0,1,0,1,0,0,0,0,
1,0,0,1,0,1,0,0,0,0,
1,1,1,1,0,1,0,0,0,0,
0,0,0,0,0,1,0,0,0,0,
0,1,1,1,1,1,0,0,0,0,
0,1,0,0,0,0,0,0,0,0,
0,2,0,0,0,0,0,0,0,0,
0,1,0,0,0,0,0,0,0,0,
0,0,0,0,0,0,0,0,0,0,
P_DIR:DOWN
filming:3

PPLTEST
1,0,0,1,1,1,0,0,0,0,
1,0,0,1,0,1,0,0,0,0,
1,0,0,1,0,1,0,0,0,0,
1,1,1,1,0,1,0,0,0,0,
0,0,0,0,0,1,0,0,0,0,
0,1,1,1,1,1,0,0,0,0,
0,1,0,0,0,0,0,0,0,0,
0,1,0,0,0,0,0,0,0,0,
0,2,0,0,0,0,0,0,0,0,
0,0,0,0,0,0,0,0,0,0,
P_DIR:DOWN
filming:3

PPLTEST
nonExist!
filming:3

PPLTEST
nonExist!
filming:3