succes:mapdatas/pos/test.csv
1,0,0,1,1,1,0,0,0,0,
1,0,0,1,0,1,0,0,0,0,
1,0,0,1,0,1,0,0,0,0,
1,1,1,1,0,1,0,0,0,0,
0,0,0,0,0,1,0,0,0,0,
0,1,1,1,1,1,0,0,0,0,
0,1,0,0,0,0,0,0,0,0,
0,1,0,0,0,0,0,0,0,0,
0,1,0,0,0,0,0,0,0,0,
0,0,0,0,0,0,0,0,0,0,
START:0,0

PPLTEST
2,0,0,1,1,1,0,0,0,0,
1,0,0,1,0,1,0,0,0,0,
1,0,0,1,0,1,0,0,0,0,
1,1,1,1,0,1,0,0,0,0,
0,0,0,0,0,1,0,0,0,0,
0,1,1,1,1,1,0,0,0,0,
0,1,0,0,0,0,0,0,0,0,
0,1,0,0,0,0,0,0,0,0,
0,1,0,0,0,0,0,0,0,0,
0,0,0,0,0,0,0,0,0,0,
DIRECTION:2

PPLTEST
1,0,0,1,1,1,0,0,0,0,
2,0,0,1,0,1,0,0,0,0,
1,0,0,1,0,1,0,0,0,0,
1,1,1,1,0,1,0,0,0,0,
0,0,0,0,0,1,0,0,0,0,
0,1,1,1,1,1,0,0,0,0,
0,1,0,0,0,0,0,0,0,0,
0,1,0,0,0,0,0,0,0,0,
0,1,0,0,0,0,0,0,0,0,
0,0,0,0,0,0,0,0,0,0,
DIRECTION:2

PPLTEST
1,0,0,1,1,1,0,0,0,0,
1,0,0,1,0,1,0,0,0,0,
2,0,0,1,0,1,0,0,0,0,
1,1,1,1,0,1,0,0,0,0,
0,0,0,0,0,1,0,0,0,0,
0,1,1,1,1,1,0,0,0,0,
0,1,0,0,0,0,0,0,0,0,
0,1,0,0,0,0,0,0,0,0,
0,1,0,0,0,0,0,0,0,0,
0,0,0,0,0,0,0,0,0,0,
DIRECTION:2

PPLTEST
1,0,0,1,1,1,0,0,0,0,
1,0,0,1,0,1,0,0,0,0,
1,0,0,1,0,1,0,0,0,0,
2,1,1,1,0,1,0,0,0,0,
0,0,0,0,0,1,0,0,0,0,
0,1,1,1,1,1,0,0,0,0,
0,1,0,0,0,0,0,0,0,0,
0,1,0,0,0,0,0,0,0,0,
0,1,0,0,0,0,0,0,0,0,
0,0,0,0,0,0,0,0,0,0,
DIRECTION:2

PPLTEST
1,0,0,1,1,1,0,0,0,0,
1,0,0,1,0,1,0,0,0,0,
1,0,0,1,0,1,0,0,0,0,
1,2,1,1,0,1,0,0,0,0,
0,0,0,0,0,1,0,0,0,0,
0,1,1,1,1,1,0,0,0,0,
0,1,0,0,0,0,0,0,0,0,
0,1,0,0,0,0,0,0,0,0,
0,1,0,0,0,0,0,0,0,0,
0,0,0,0,0,0,0,0,0,0,
DIRECTION:3

PPLTEST
1,0,0,1,1,1,0,0,0,0,
1,0,0,1,0,1,0,0,0,0,
1,0,0,1,0,1,0,0,0,0,
1,1,2,1,0,1,0,0,0,0,
0,0,0,0,0,1,0,0,0,0,
0,1,1,1,1,1,0,0,0,0,
0,1,0,0,0,0,0,0,0,0,
0,1,0,0,0,0,0,0,0,0,
0,1,0,0,0,0,0,0,0,0,
0,0,0,0,0,0,0,0,0,0,
DIRECTION:3

PPLTEST
1,0,0,1,1,1,0,0,0,0,
1,0,0,1,0,1,0,0,0,0,
1,0,0,1,0,1,0,0,0,0,
1,1,1,2,0,1,0,0,0,0,
0,0,0,0,0,1,0,0,0,0,
0,1,1,1,1,1,0,0,0,0,
0,1,0,0,0,0,0,0,0,0,
0,1,0,0,0,0,0,0,0,0,
0,1,0,0,0,0,0,0,0,0,
0,0,0,0,0,0,0,0,0,0,
DIRECTION:3

PPLTEST
1,0,0,1,1,1,0,0,0,0,
1,0,0,1,0,1,0,0,0,0,
1,0,0,2,0,1,0,0,0,0,
1,1,1,1,0,1,0,0,0,0,
0,0,0,0,0,1,0,0,0,0,
0,1,1,1,1,1,0,0,0,0,
0,1,0,0,0,0,0,0,0,0,
0,1,0,0,0,0,0,0,0,0,
0,1,0,0,0,0,0,0,0,0,
0,0,0,0,0,0,0,0,0,0,
DIRECTION:1

PPLTEST
1,0,0,1,1,1,0,0,0,0,
1,0,0,2,0,1,0,0,0,0,
1,0,0,1,0,1,0,0,0,0,
1,1,1,1,0,1,0,0,0,0,
0,0,0,0,0,1,0,0,0,0,
0,1,1,1,1,1,0,0,0,0,
0,1,0,0,0,0,0,0,0,0,
0,1,0,0,0,0,0,0,0,0,
0,1,0,0,0,0,0,0,0,0,
0,0,0,0,0,0,0,0,0,0,
DIRECTION:1

PPLTEST
1,0,0,2,1,1,0,0,0,0,
1,0,0,1,0,1,0,0,0,0,
1,0,0,1,0,1,0,0,0,0,
1,1,1,1,0,1,0,0,0,0,
0,0,0,0,0,1,0,0,0,0,
0,1,1,1,1,1,0,0,0,0,
0,1,0,0,0,0,0,0,0,0,
0,1,0,0,0,0,0,0,0,0,
0,1,0,0,0,0,0,0,0,0,
0,0,0,0,0,0,0,0,0,0,
DIRECTION:1

PPLTEST
1,0,0,1,2,1,0,0,0,0,
1,0,0,1,0,1,0,0,0,0,
1,0,0,1,0,1,0,0,0,0,
1,1,1,1,0,1,0,0,0,0,
0,0,0,0,0,1,0,0,0,0,
0,1,1,1,1,1,0,0,0,0,
0,1,0,0,0,0,0,0,0,0,
0,1,0,0,0,0,0,0,0,0,
0,1,0,0,0,0,0,0,0,0,
0,0,0,0,0,0,0,0,0,0,
DIRECTION:3

PPLTEST
1,0,0,1,1,2,0,0,0,0,
1,0,0,1,0,1,0,0,0,0,
1,0,0,1,0,1,0,0,0,0,
1,1,1,1,0,1,0,0,0,0,
0,0,0,0,0,1,0,0,0,0,
0,1,1,1,1,1,0,0,0,0,
0,1,0,0,0,0,0,0,0,0,
0,1,0,0,0,0,0,0,0,0,
0,1,0,0,0,0,0,0,0,0,
0,0,0,0,0,0,0,0,0,0,
DIRECTION:3

PPLTEST
1,0,0,1,1,1,0,0,0,0,
1,0,0,1,0,2,0,0,0,0,
1,0,0,1,0,1,0,0,0,0,
1,1,1,1,0,1,0,0,0,0,
0,0,0,0,0,1,0,0,0,0,
0,1,1,1,1,1,0,0,0,0,
0,1,0,0,0,0,0,0,0,0,
0,1,0,0,0,0,0,0,0,0,
0,1,0,0,0,0,0,0,0,0,
0,0,0,0,0,0,0,0,0,0,
DIRECTION:2

PPLTEST
1,0,0,1,1,1,0,0,0,0,
1,0,0,1,0,1,0,0,0,0,
1,0,0,1,0,2,0,0,0,0,
1,1,1,1,0,1,0,0,0,0,
0,0,0,0,0,1,0,0,0,0,
0,1,1,1,1,1,0,0,0,0,
0,1,0,0,0,0,0,0,0,0,
0,1,0,0,0,0,0,0,0,0,
0,1,0,0,0,0,0,0,0,0,
0,0,0,0,0,0,0,0,0,0,
DIRECTION:2

PPLTEST
1,0,0,1,1,1,0,0,0,0,
1,0,0,1,0,1,0,0,0,0,
1,0,0,1,0,1,0,0,0,0,
1,1,1,1,0,2,0,0,0,0,
0,0,0,0,0,1,0,0,0,0,
0,1,1,1,1,1,0,0,0,0,
0,1,0,0,0,0,0,0,0,0,
0,1,0,0,0,0,0,0,0,0,
0,1,0,0,0,0,0,0,0,0,
0,0,0,0,0,0,0,0,0,0,
DIRECTION:2

PPLTEST
1,0,0,1,1,1,0,0,0,0,
1,0,0,1,0,1,0,0,0,0,
1,0,0,1,0,1,0,0,0,0,
1,1,1,1,0,1,0,0,0,0,
0,0,0,0,0,2,0,0,0,0,
0,1,1,1,1,1,0,0,0,0,
0,1,0,0,0,0,0,0,0,0,
0,1,0,0,0,0,0,0,0,0,
0,1,0,0,0,0,0,0,0,0,
0,0,0,0,0,0,0,0,0,0,
DIRECTION:2

PPLTEST
1,0,0,1,1,1,0,0,0,0,
1,0,0,1,0,1,0,0,0,0,
1,0,0,1,0,1,0,0,0,0,
1,1,1,1,0,1,0,0,0,0,
0,0,0,0,0,1,0,0,0,0,
0,1,1,1,1,2,0,0,0,0,
0,1,0,0,0,0,0,0,0,0,
0,1,0,0,0,0,0,0,0,0,
0,1,0,0,0,0,0,0,0,0,
0,0,0,0,0,0,0,0,0,0,
DIRECTION:2

PPLTEST
1,0,0,1,1,1,0,0,0,0,
1,0,0,1,0,1,0,0,0,0,
1,0,0,1,0,1,0,0,0,0,
1,1,1,1,0,1,0,0,0,0,
0,0,0,0,0,1,0,0,0,0,
0,1,1,1,2,1,0,0,0,0,
0,1,0,0,0,0,0,0,0,0,
0,1,0,0,0,0,0,0,0,0,
0,1,0,0,0,0,0,0,0,0,
0,0,0,0,0,0,0,0,0,0,
DIRECTION:4

PPLTEST
1,0,0,1,1,1,0,0,0,0,
1,0,0,1,0,1,0,0,0,0,
1,0,0,1,0,1,0,0,0,0,
1,1,1,1,0,1,0,0,0,0,
0,0,0,0,0,1,0,0,0,0,
0,1,1,2,1,1,0,0,0,0,
0,1,0,0,0,0,0,0,0,0,
0,1,0,0,0,0,0,0,0,0,
0,1,0,0,0,0,0,0,0,0,
0,0,0,0,0,0,0,0,0,0,
DIRECTION:4

PPLTEST
1,0,0,1,1,1,0,0,0,0,
1,0,0,1,0,1,0,0,0,0,
1,0,0,1,0,1,0,0,0,0,
1,1,1,1,0,1,0,0,0,0,
0,0,0,0,0,1,0,0,0,0,
0,1,2,1,1,1,0,0,0,0,
0,1,0,0,0,0,0,0,0,0,
0,1,0,0,0,0,0,0,0,0,
0,1,0,0,0,0,0,0,0,0,
0,0,0,0,0,0,0,0,0,0,
DIRECTION:4

PPLTEST
1,0,0,1,1,1,0,0,0,0,
1,0,0,1,0,1,0,0,0,0,
1,0,0,1,0,1,0,0,0,0,
1,1,1,1,0,1,0,0,0,0,
0,0,0,0,0,1,0,0,0,0,
0,2,1,1,1,1,0,0,0,0,
0,1,0,0,0,0,0,0,0,0,
0,1,0,0,0,0,0,0,0,0,
0,1,0,0,0,0,0,0,0,0,
0,0,0,0,0,0,0,0,0,0,
DIRECTION:4

PPLTEST
1,0,0,1,1,1,0,0,0,0,
1,0,0,1,0,1,0,0,0,0,
1,0,0,1,0,1,0,0,0,0,
1,1,1,1,0,1,0,0,0,0,
0,0,0,0,0,1,0,0,0,0,
0,1,1,1,1,1,0,0,0,0,
0,2,0,0,0,0,0,0,0,0,
0,1,0,0,0,0,0,0,0,0,
0,1,0,0,0,0,0,0,0,0,
0,0,0,0,0,0,0,0,0,0,
DIRECTION:2

PPLTEST
1,0,0,1,1,1,0,0,0,0,
1,0,0,1,0,1,0,0,0,0,
1,0,0,1,0,1,0,0,0,0,
1,1,1,1,0,1,0,0,0,0,
0,0,0,0,0,1,0,0,0,0,
0,1,1,1,1,1,0,0,0,0,
0,1,0,0,0,0,0,0,0,0,
0,2,0,0,0,0,0,0,0,0,
0,1,0,0,0,0,0,0,0,0,
0,0,0,0,0,0,0,0,0,0,
DIRECTION:2

PPLTEST
1,0,0,1,1,1,0,0,0,0,
1,0,0,1,0,1,0,0,0,0,
1,0,0,1,0,1,0,0,0,0,
1,1,1,1,0,1,0,0,0,0,
0,0,0,0,0,1,0,0,0,0,
0,1,1,1,1,1,0,0,0,0,
0,1,0,0,0,0,0,0,0,0,
0,1,0,0,0,0,0,0,0,0,
0,2,0,0,0,0,0,0,0,0,
0,0,0,0,0,0,0,0,0,0,
DIRECTION:2

----------------------------DELETE!!
PPLTEST
1,0,0,1,1,1,0,0,0,0,
1,0,0,1,0,1,0,0,0,0,
1,0,0,1,0,1,0,0,0,0,
1,1,1,1,0,1,0,0,0,0,
0,0,0,0,0,1,0,0,0,0,
0,1,1,1,1,1,0,0,0,0,
0,1,0,0,0,0,0,0,0,0,
0,1,0,0,0,0,0,0,0,0,
0,1,0,0,0,0,0,0,0,0,
0,0,0,0,0,0,0,0,0,0,
DIRECTION:5